    24    -1     2
  1.0000000000000000e-04  1.0000000000000000e+01
  7.939431e-15
  2.9346131402401384e-02
  1.8757667978775165e-03  2.1400082805910408e-06
  2.0363350219809034e-03  2.0374880566898283e-05
  2.3712183628629862e-03  6.3221981685157341e-05
  2.9090891882655495e-03  1.4566655704442306e-04
  3.6960049000282209e-03  2.9654318558141219e-04
  4.7993632522868581e-03  5.6862227745224625e-04
  6.3137024456800259e-03  1.0570725969197368e-03
  8.3688676407915209e-03  1.9327677434375315e-03
  1.1141303341070176e-02  3.5021203764232477e-03
  1.4869583247821581e-02  6.3144841786279288e-03
  1.9875855135214136e-02  1.1355052252901161e-02
  2.6595873702000766e-02  2.0391894431106530e-02
  3.5622209945872257e-02  3.6602301217750835e-02
  4.7769217243637981e-02  6.5709734745378057e-02
  6.4177206816146457e-02  1.1806865537924843e-01
  8.6494074650092026e-02  2.1255547951159073e-01
  1.1722380048163451e-01  3.8405194453901009e-01
  1.6046468281442858e-01  6.9856907701488535e-01
  2.2363665533168109e-01  1.2862910881465488e+00
  3.2198831168678405e-01  2.4226297175020033e+00
  4.9212775554847377e-01  4.7624170354896478e+00
  8.4205174655560555e-01  1.0193136083589202e+01
  1.8131570783062687e+00  2.6294562003668659e+01
  7.0002041856548551e+00  1.1437433163365502e+02
