    20    -1     4
  1.0000000000000000e-04  6.4000000000000000e+01
  3.634011e-11
  1.3093151156782359e-01
  9.0516987251289087e-05  6.4576118456553040e-06
  1.7766321798145425e-04  4.7215039066262867e-05
  3.1115089214249920e-04  1.5126775925130588e-04
  5.4769592692964248e-04  3.8649441987938639e-04
  9.7498120589159640e-04  9.0631614655037817e-04
  1.7477339037291705e-03  2.0497796674428001e-03
  3.1441492199849241e-03  4.5627286681349287e-03
  5.6661087817176615e-03  1.0084447665219211e-02
  1.0219934263418098e-02  2.2217770334196137e-02
  1.8443977410210921e-02  4.8883471876489740e-02
  3.3305954584003775e-02  1.0750843870502555e-01
  6.0205632845837846e-02  2.3649880491561440e-01
  1.0906360076007511e-01  5.2080795634172505e-01
  1.9848895454179477e-01  1.1498707136137472e+00
  3.6493533640252068e-01  2.5535756390667781e+00
  6.8621476848488772e-01  5.7450552790146636e+00
  1.3565190663562685e+00  1.3310653605524505e+01
  3.0034969302931351e+00  3.3032290020016916e+01
  8.7243845236159796e+00  9.7614855524526249e+01
  5.5847759886383457e+01  5.0600324787568519e+02
