    24     -1     4
  1.0000000000000000e-04  1.0000000000000000e+01
  5.571223e-15
  1.7919963452201892e-01
  5.6733869720754617e-05  3.5070615436829692e-06
  1.0247508534294995e-04  2.4359921860846751e-05
  1.5749856580246405e-04  7.1169625575783228e-05
  2.3808853089219635e-04  1.6030785308875634e-04
  3.6164667409683204e-04  3.2293661022141329e-04
  5.5301083697589771e-04  6.1591079057417861e-04
  8.4986117322731285e-04  1.1416615522176683e-03
  1.3102417803015889e-03  2.0840297284714497e-03
  2.0239658883716032e-03  3.7726168638553955e-03
  3.1302578730164868e-03  6.7982808335969808e-03
  4.8452698829807208e-03  1.2220573393370864e-02
  7.5053498646771369e-03  2.1940995652724640e-02
  1.1635927235595336e-02  3.9376934625762895e-02
  1.8063476603771264e-02  7.0686009442904429e-02
  2.8103787204521183e-02  1.2701460315533147e-01
  4.3895782859539705e-02  2.2870584345399611e-01
  6.9040608572274065e-02  4.1343057490355256e-01
  1.0995526950617755e-01  7.5274525655457991e-01
  1.7911259203449537e-01  1.3886905035652064e+00
  3.0398882322003590e-01  2.6250701240603371e+00
  5.5655938498635493e-01  5.1973322747884447e+00
  1.1780087720064005e+00  1.1288906486916686e+01
  3.3741175549826781e+00  3.0143428176729618e+01
  2.1698985701824334e+01  1.4685001112854857e+02
