    24     1     4
  1.0000000000000000e-04  1.0000000000000000e+01
  5.571223e-15
  5.5803685240057019e+00
 -1.7893342136483509e-07  6.8096692149694619e-06
 -6.6035112833381550e-07  3.3174726979859203e-05
 -1.6437840927880618e-06  8.8582539075769063e-05
 -3.6639584882069147e-06  1.9240640142460482e-04
 -7.8446902058682481e-06  3.8094220448985430e-04
 -1.6516392217309496e-05  7.2010285764371887e-04
 -3.4508016133735179e-05  1.3284706762247028e-03
 -7.1828935156660771e-05  2.4187857906573210e-03
 -1.4923417080318007e-04  4.3724287272141728e-03
 -3.0978296853445845e-04  7.8731104546857361e-03
 -6.4288665697270298e-04  1.4147071080702827e-02
 -1.3344957269620166e-03  2.5395577626952621e-02
 -2.7724152500967171e-03  4.5576783106277129e-02
 -5.7694551966765342e-03  8.1829220922027865e-02
 -1.2044309704144151e-02  1.4709601213560025e-01
 -2.5288192291173722e-02  2.6506799817940119e-01
 -5.3646775607266085e-02  4.7983960417563670e-01
 -1.1595066330893126e-01  8.7591633269729396e-01
 -2.5923761437869502e-01  1.6236117556371386e+00
 -6.1666586749311669e-01  3.0965829464623895e+00
 -1.6475131111159964e+00  6.2379975823538611e+00
 -5.5295175577627571e+00  1.4050938049901283e+01
 -3.0709058866048096e+01  4.1051034798567294e+01
 -8.2026774197588713e+02  2.8513899386830889e+02
